Electronics: 293795.21
Toys: 265220.1600000001
Clothing: 248226.61000000004
Furniture: 331549.60000000015
Groceries: 272115.9699999999
